#VRML V2.0 utf8
#Exported from Wings 3D 1.2
DEF cube1 Transform {
  children [
    Shape {
      appearance Appearance {
        material DEF default Material {
          diffuseColor 1.0 1.0 1.0
          emissiveColor 0.0 0.0 0.0
          specularColor 1.0 1.0 1.0
          ambientIntensity 1.0
          transparency 0.0
          shininess 1.0
        }
      }
      geometry IndexedFaceSet {
        normalPerVertex TRUE
        colorPerVertex TRUE
        coord Coordinate { point [
          -0.21 -0.19375 0.0,
          -0.21 0.19375 0.0,
          0.21 0.19375 0.0,
          0.21 -0.19375 0.0,
          -0.21 -0.19375 -0.46,
          -0.21 0.19375 -0.46,
          0.21 0.19375 -0.46,
          0.21 -0.19375 -0.46 ] }
        coordIndex [
          0, 1, 5, 4, -1,
          0, 3, 2, 1, -1,
          0, 4, 7, 3, -1,
          1, 2, 6, 5, -1,
          2, 3, 7, 6, -1,
          4, 5, 6, 7, -1 ]
        normal Normal { vector [
          -0.5773502691896258 -0.5773502691896258 0.5773502691896258,
          -0.5773502691896258 0.5773502691896258 0.5773502691896258,
          0.5773502691896258 0.5773502691896258 0.5773502691896258,
          0.5773502691896258 -0.5773502691896258 0.5773502691896258,
          -0.5773502691896258 -0.5773502691896258 -0.5773502691896258,
          -0.5773502691896258 0.5773502691896258 -0.5773502691896258,
          0.5773502691896258 0.5773502691896258 -0.5773502691896258,
          0.5773502691896258 -0.5773502691896258 -0.5773502691896258 ] }
        normalIndex [
          0, 1, 5, 4, -1,
          0, 3, 2, 1, -1,
          0, 4, 7, 3, -1,
          1, 2, 6, 5, -1,
          2, 3, 7, 6, -1,
          4, 5, 6, 7, -1 ]
        color Color { color [
          0.63922 0.996078 0.4,
          1.0 1.0 1.0 ] }
        colorIndex [
          0, 0, 0, 0, -1,
          0, 0, 0, 0, -1,
          0, 0, 0, 0, -1,
          0, 0, 0, 0, -1,
          0, 0, 0, 0, -1,
          0, 0, 0, 0, -1 ]
      }
    }
  ]
}

